,id,id_str,followers_count,friends_count,listed_count,favourites_count,verified,statuses_count,default_profile,default_profile_image,has_extended_profile,bot,friends_by_followers,screen_name_binary,location_binary,verified_binary
id,1.000000,1.000000,-0.342626,-0.358706,-0.398517,-0.333913,-0.147923,-0.497694,0.603078,0.120616,0.442525,-0.001188,0.105339,0.019510,0.001188,0.007981
id_str,1.000000,1.000000,-0.342626,-0.358706,-0.398517,-0.333913,-0.147923,-0.497694,0.603078,0.120616,0.442525,-0.001188,0.105339,0.019510,0.001188,0.007981
followers_count,-0.342626,-0.342626,1.000000,0.572625,0.663445,0.582683,0.164390,0.597797,-0.250462,-0.242544,-0.020623,-0.012978,-0.508705,0.017450,0.012978,-0.023389
friends_count,-0.358706,-0.358706,0.572625,1.000000,0.423303,0.712303,0.125053,0.298448,-0.259645,-0.164572,-0.062045,-0.025690,0.286118,0.000633,0.025690,-0.033513
listed_count,-0.398517,-0.398517,0.663445,0.423303,1.000000,0.381023,0.171013,0.511875,-0.315478,-0.174993,-0.074049,-0.015788,-0.250772,0.002354,0.015788,-0.026479
favourites_count,-0.333913,-0.333913,0.582683,0.712303,0.381023,1.000000,0.079755,0.423707,-0.232633,-0.182032,0.028473,-0.012662,0.036004,0.004951,0.012662,-0.018334
verified,-0.147923,-0.147923,0.164390,0.125053,0.171013,0.079755,1.000000,0.107023,-0.155272,-0.017348,-0.066144,0.032163,-0.124838,-0.033656,-0.032163,-0.031557
statuses_count,-0.497694,-0.497694,0.597797,0.298448,0.511875,0.423707,0.107023,1.000000,-0.365904,-0.176719,-0.218305,-0.012356,-0.449180,0.010968,0.012356,-0.019510
default_profile,0.603078,0.603078,-0.250462,-0.259645,-0.315478,-0.232633,-0.155272,-0.365904,1.000000,0.088769,0.198978,-0.001786,0.119654,0.005878,0.001786,0.008854
default_profile_image,0.120616,0.120616,-0.242544,-0.164572,-0.174993,-0.182032,-0.017348,-0.176719,0.088769,1.000000,-0.001006,0.016317,0.114950,-0.025352,-0.016317,0.017423
has_extended_profile,0.442525,0.442525,-0.020623,-0.062045,-0.074049,0.028473,-0.066144,-0.218305,0.198978,-0.001006,1.000000,0.013350,0.057153,-0.001709,-0.013350,0.014034
bot,-0.001188,-0.001188,-0.012978,-0.025690,-0.015788,-0.012662,0.032163,-0.012356,-0.001786,0.016317,0.013350,1.000000,-0.010581,-0.712662,-1.000000,0.979452
friends_by_followers,0.105339,0.105339,-0.508705,0.286118,-0.250772,0.036004,-0.124838,-0.449180,0.119654,0.114950,0.057153,-0.010581,1.000000,-0.016340,0.010581,-0.002695
screen_name_binary,0.019510,0.019510,0.017450,0.000633,0.002354,0.004951,-0.033656,0.010968,0.005878,-0.025352,-0.001709,-0.712662,-0.016340,1.000000,0.712662,-0.692012
location_binary,0.001188,0.001188,0.012978,0.025690,0.015788,0.012662,-0.032163,0.012356,0.001786,-0.016317,-0.013350,-1.000000,0.010581,0.712662,1.000000,-0.979452
verified_binary,0.007981,0.007981,-0.023389,-0.033513,-0.026479,-0.018334,-0.031557,-0.019510,0.008854,0.017423,0.014034,0.979452,-0.002695,-0.692012,-0.979452,1.000000
